0 385
1 282
2 113
3 284
4 277
5 52
6 581
7 221
8 724
9 441
10 140
11 260
12 848
13 670
14 859
15 44
16 305
17 681
18 310
19 377
20 304
21 292
22 95
23 668
24 918
25 17
26 798
27 468
28 241
29 848
30 588
31 84
32 471
33 972
34 424
35 953
36 831
37 922
38 724
39 39
40 511
41 792
42 637
43 586
44 351
45 938
46 31
47 681
48 9
49 87
50 354
51 258
52 830
53 363
54 315
55 609
56 857
57 216
58 564
59 239
60 622
61 446
62 84
63 322
64 483
65 660
66 53
67 494
68 947
69 146
70 159
71 316
72 610
73 638
74 926
75 567
76 688
77 236
78 765
79 214
80 211
81 817
82 30
83 325
84 387
85 303
86 642
87 421
88 847
89 947
90 873
91 72
92 323
93 173
94 947
95 18
96 501
97 304
98 90
99 998


0 282
1 113
2 284
3 277
4 52
5 385
6 221
7 581
8 441
9 140
10 260
11 724
12 670
13 848
14 44
15 305
16 681
17 310
18 377
19 304
20 292
21 95
22 668
23 859
24 17
25 798
26 468
27 241
28 848
29 588
30 84
31 471
32 918
33 424
34 953
35 831
36 922
37 724
38 39
39 511
40 792
41 637
42 586
43 351
44 938
45 31
46 681
47 9
48 87
49 354
50 258
51 830
52 363
53 315
54 609
55 857
56 216
57 564
58 239
59 622
60 446
61 84
62 322
63 483
64 660
65 53
66 494
67 947
68 146
69 159
70 316
71 610
72 638
73 926
74 567
75 688
76 236
77 765
78 214
79 211
80 817
81 30
82 325
83 387
84 303
85 642
86 421
87 847
88 947
89 873
90 72
91 323
92 173
93 947
94 18
95 501
96 304
97 90
98 972
99 998


0 113
1 282
2 277
3 52
4 284
5 221
6 385
7 441
8 140
9 260
10 581
11 670
12 724
13 44
14 305
15 681
16 310
17 377
18 304
19 292
20 95
21 668
22 848
23 17
24 798
25 468
26 241
27 848
28 588
29 84
30 471
31 859
32 424
33 918
34 831
35 922
36 724
37 39
38 511
39 792
40 637
41 586
42 351
43 938
44 31
45 681
46 9
47 87
48 354
49 258
50 830
51 363
52 315
53 609
54 857
55 216
56 564
57 239
58 622
59 446
60 84
61 322
62 483
63 660
64 53
65 494
66 947
67 146
68 159
69 316
70 610
71 638
72 926
73 567
74 688
75 236
76 765
77 214
78 211
79 817
80 30
81 325
82 387
83 303
84 642
85 421
86 847
87 947
88 873
89 72
90 323
91 173
92 947
93 18
94 501
95 304
96 90
97 953
98 972
99 998


0 113
1 277
2 52
3 282
4 221
5 284
6 385
7 140
8 260
9 441
10 581
11 670
12 44
13 305
14 681
15 310
16 377
17 304
18 292
19 95
20 668
21 724
22 17
23 798
24 468
25 241
26 848
27 588
28 84
29 471
30 848
31 424
32 859
33 831
34 918
35 724
36 39
37 511
38 792
39 637
40 586
41 351
42 922
43 31
44 681
45 9
46 87
47 354
48 258
49 830
50 363
51 315
52 609
53 857
54 216
55 564
56 239
57 622
58 446
59 84
60 322
61 483
62 660
63 53
64 494
65 938
66 146
67 159
68 316
69 610
70 638
71 926
72 567
73 688
74 236
75 765
76 214
77 211
78 817
79 30
80 325
81 387
82 303
83 642
84 421
85 847
86 947
87 873
88 72
89 323
90 173
91 947
92 18
93 501
94 304
95 90
96 947
97 953
98 972
99 998


0 113
1 52
2 277
3 221
4 282
5 284
6 140
7 260
8 385
9 441
10 581
11 44
12 305
13 670
14 310
15 377
16 304
17 292
18 95
19 668
20 681
21 17
22 724
23 468
24 241
25 798
26 588
27 84
28 471
29 848
30 424
31 848
32 831
33 859
34 724
35 39
36 511
37 792
38 637
39 586
40 351
41 918
42 31
43 681
44 9
45 87
46 354
47 258
48 830
49 363
50 315
51 609
52 857
53 216
54 564
55 239
56 622
57 446
58 84
59 322
60 483
61 660
62 53
63 494
64 922
65 146
66 159
67 316
68 610
69 638
70 926
71 567
72 688
73 236
74 765
75 214
76 211
77 817
78 30
79 325
80 387
81 303
82 642
83 421
84 847
85 938
86 873
87 72
88 323
89 173
90 947
91 18
92 501
93 304
94 90
95 947
96 947
97 953
98 972
99 998


0 52
1 113
2 221
3 277
4 282
5 140
6 260
7 284
8 385
9 441
10 44
11 305
12 581
13 310
14 377
15 304
16 292
17 95
18 668
19 670
20 17
21 681
22 468
23 241
24 724
25 588
26 84
27 471
28 798
29 424
30 848
31 831
32 848
33 724
34 39
35 511
36 792
37 637
38 586
39 351
40 859
41 31
42 681
43 9
44 87
45 354
46 258
47 830
48 363
49 315
50 609
51 857
52 216
53 564
54 239
55 622
56 446
57 84
58 322
59 483
60 660
61 53
62 494
63 918
64 146
65 159
66 316
67 610
68 638
69 922
70 567
71 688
72 236
73 765
74 214
75 211
76 817
77 30
78 325
79 387
80 303
81 642
82 421
83 847
84 926
85 873
86 72
87 323
88 173
89 938
90 18
91 501
92 304
93 90
94 947
95 947
96 947
97 953
98 972
99 998


0 52
1 113
2 221
3 277
4 140
5 260
6 282
7 284
8 385
9 44
10 305
11 441
12 310
13 377
14 304
15 292
16 95
17 581
18 668
19 17
20 670
21 468
22 241
23 681
24 588
25 84
26 471
27 724
28 424
29 798
30 831
31 848
32 724
33 39
34 511
35 792
36 637
37 586
38 351
39 848
40 31
41 681
42 9
43 87
44 354
45 258
46 830
47 363
48 315
49 609
50 857
51 216
52 564
53 239
54 622
55 446
56 84
57 322
58 483
59 660
60 53
61 494
62 859
63 146
64 159
65 316
66 610
67 638
68 918
69 567
70 688
71 236
72 765
73 214
74 211
75 817
76 30
77 325
78 387
79 303
80 642
81 421
82 847
83 922
84 873
85 72
86 323
87 173
88 926
89 18
90 501
91 304
92 90
93 938
94 947
95 947
96 947
97 953
98 972
99 998


0 52
1 113
2 221
3 140
4 260
5 277
6 282
7 284
8 44
9 305
10 385
11 310
12 377
13 304
14 292
15 95
16 441
17 581
18 17
19 668
20 468
21 241
22 670
23 588
24 84
25 471
26 681
27 424
28 724
29 798
30 831
31 724
32 39
33 511
34 792
35 637
36 586
37 351
38 848
39 31
40 681
41 9
42 87
43 354
44 258
45 830
46 363
47 315
48 609
49 848
50 216
51 564
52 239
53 622
54 446
55 84
56 322
57 483
58 660
59 53
60 494
61 857
62 146
63 159
64 316
65 610
66 638
67 859
68 567
69 688
70 236
71 765
72 214
73 211
74 817
75 30
76 325
77 387
78 303
79 642
80 421
81 847
82 918
83 873
84 72
85 323
86 173
87 922
88 18
89 501
90 304
91 90
92 926
93 938
94 947
95 947
96 947
97 953
98 972
99 998


0 52
1 113
2 140
3 221
4 260
5 277
6 282
7 44
8 284
9 305
10 310
11 377
12 304
13 292
14 95
15 385
16 441
17 17
18 581
19 468
20 241
21 668
22 588
23 84
24 471
25 670
26 424
27 681
28 724
29 798
30 724
31 39
32 511
33 792
34 637
35 586
36 351
37 831
38 31
39 681
40 9
41 87
42 354
43 258
44 830
45 363
46 315
47 609
48 848
49 216
50 564
51 239
52 622
53 446
54 84
55 322
56 483
57 660
58 53
59 494
60 848
61 146
62 159
63 316
64 610
65 638
66 857
67 567
68 688
69 236
70 765
71 214
72 211
73 817
74 30
75 325
76 387
77 303
78 642
79 421
80 847
81 859
82 873
83 72
84 323
85 173
86 918
87 18
88 501
89 304
90 90
91 922
92 926
93 938
94 947
95 947
96 947
97 953
98 972
99 998


0 52
1 113
2 140
3 221
4 260
5 277
6 44
7 282
8 284
9 305
10 310
11 304
12 292
13 95
14 377
15 385
16 17
17 441
18 468
19 241
20 581
21 588
22 84
23 471
24 668
25 424
26 670
27 681
28 724
29 724
30 39
31 511
32 792
33 637
34 586
35 351
36 798
37 31
38 681
39 9
40 87
41 354
42 258
43 830
44 363
45 315
46 609
47 831
48 216
49 564
50 239
51 622
52 446
53 84
54 322
55 483
56 660
57 53
58 494
59 848
60 146
61 159
62 316
63 610
64 638
65 848
66 567
67 688
68 236
69 765
70 214
71 211
72 817
73 30
74 325
75 387
76 303
77 642
78 421
79 847
80 857
81 859
82 72
83 323
84 173
85 873
86 18
87 501
88 304
89 90
90 918
91 922
92 926
93 938
94 947
95 947
96 947
97 953
98 972
99 998


0 52
1 113
2 140
3 221
4 260
5 44
6 277
7 282
8 284
9 305
10 304
11 292
12 95
13 310
14 377
15 17
16 385
17 441
18 241
19 468
20 581
21 84
22 471
23 588
24 424
25 668
26 670
27 681
28 724
29 39
30 511
31 724
32 637
33 586
34 351
35 792
36 31
37 681
38 9
39 87
40 354
41 258
42 798
43 363
44 315
45 609
46 830
47 216
48 564
49 239
50 622
51 446
52 84
53 322
54 483
55 660
56 53
57 494
58 831
59 146
60 159
61 316
62 610
63 638
64 848
65 567
66 688
67 236
68 765
69 214
70 211
71 817
72 30
73 325
74 387
75 303
76 642
77 421
78 847
79 848
80 857
81 72
82 323
83 173
84 859
85 18
86 501
87 304
88 90
89 873
90 918
91 922
92 926
93 938
94 947
95 947
96 947
97 953
98 972
99 998


0 52
1 113
2 140
3 221
4 44
5 260
6 277
7 282
8 284
9 304
10 292
11 95
12 305
13 310
14 17
15 377
16 385
17 241
18 441
19 468
20 84
21 471
22 581
23 424
24 588
25 668
26 670
27 681
28 39
29 511
30 724
31 637
32 586
33 351
34 724
35 31
36 681
37 9
38 87
39 354
40 258
41 792
42 363
43 315
44 609
45 798
46 216
47 564
48 239
49 622
50 446
51 84
52 322
53 483
54 660
55 53
56 494
57 830
58 146
59 159
60 316
61 610
62 638
63 831
64 567
65 688
66 236
67 765
68 214
69 211
70 817
71 30
72 325
73 387
74 303
75 642
76 421
77 847
78 848
79 848
80 72
81 323
82 173
83 857
84 18
85 501
86 304
87 90
88 859
89 873
90 918
91 922
92 926
93 938
94 947
95 947
96 947
97 953
98 972
99 998


0 52
1 113
2 140
3 44
4 221
5 260
6 277
7 282
8 284
9 292
10 95
11 304
12 305
13 17
14 310
15 377
16 241
17 385
18 441
19 84
20 468
21 471
22 424
23 581
24 588
25 668
26 670
27 39
28 511
29 681
30 637
31 586
32 351
33 724
34 31
35 681
36 9
37 87
38 354
39 258
40 724
41 363
42 315
43 609
44 792
45 216
46 564
47 239
48 622
49 446
50 84
51 322
52 483
53 660
54 53
55 494
56 798
57 146
58 159
59 316
60 610
61 638
62 830
63 567
64 688
65 236
66 765
67 214
68 211
69 817
70 30
71 325
72 387
73 303
74 642
75 421
76 831
77 847
78 848
79 72
80 323
81 173
82 848
83 18
84 501
85 304
86 90
87 857
88 859
89 873
90 918
91 922
92 926
93 938
94 947
95 947
96 947
97 953
98 972
99 998


0 52
1 113
2 44
3 140
4 221
5 260
6 277
7 282
8 284
9 95
10 292
11 304
12 17
13 305
14 310
15 241
16 377
17 385
18 84
19 441
20 468
21 424
22 471
23 581
24 588
25 668
26 39
27 511
28 670
29 637
30 586
31 351
32 681
33 31
34 681
35 9
36 87
37 354
38 258
39 724
40 363
41 315
42 609
43 724
44 216
45 564
46 239
47 622
48 446
49 84
50 322
51 483
52 660
53 53
54 494
55 792
56 146
57 159
58 316
59 610
60 638
61 798
62 567
63 688
64 236
65 765
66 214
67 211
68 817
69 30
70 325
71 387
72 303
73 642
74 421
75 830
76 831
77 847
78 72
79 323
80 173
81 848
82 18
83 501
84 304
85 90
86 848
87 857
88 859
89 873
90 918
91 922
92 926
93 938
94 947
95 947
96 947
97 953
98 972
99 998


0 52
1 44
2 113
3 140
4 221
5 260
6 277
7 282
8 95
9 284
10 292
11 17
12 304
13 305
14 241
15 310
16 377
17 84
18 385
19 441
20 424
21 468
22 471
23 581
24 588
25 39
26 511
27 668
28 637
29 586
30 351
31 670
32 31
33 681
34 9
35 87
36 354
37 258
38 681
39 363
40 315
41 609
42 724
43 216
44 564
45 239
46 622
47 446
48 84
49 322
50 483
51 660
52 53
53 494
54 724
55 146
56 159
57 316
58 610
59 638
60 792
61 567
62 688
63 236
64 765
65 214
66 211
67 798
68 30
69 325
70 387
71 303
72 642
73 421
74 817
75 830
76 831
77 72
78 323
79 173
80 847
81 18
82 501
83 304
84 90
85 848
86 848
87 857
88 859
89 873
90 918
91 922
92 926
93 938
94 947
95 947
96 947
97 953
98 972
99 998


0 44
1 52
2 113
3 140
4 221
5 260
6 277
7 95
8 282
9 284
10 17
11 292
12 304
13 241
14 305
15 310
16 84
17 377
18 385
19 424
20 441
21 468
22 471
23 581
24 39
25 511
26 588
27 637
28 586
29 351
30 668
31 31
32 670
33 9
34 87
35 354
36 258
37 681
38 363
39 315
40 609
41 681
42 216
43 564
44 239
45 622
46 446
47 84
48 322
49 483
50 660
51 53
52 494
53 724
54 146
55 159
56 316
57 610
58 638
59 724
60 567
61 688
62 236
63 765
64 214
65 211
66 792
67 30
68 325
69 387
70 303
71 642
72 421
73 798
74 817
75 830
76 72
77 323
78 173
79 831
80 18
81 501
82 304
83 90
84 847
85 848
86 848
87 857
88 859
89 873
90 918
91 922
92 926
93 938
94 947
95 947
96 947
97 953
98 972
99 998


0 44
1 52
2 113
3 140
4 221
5 260
6 95
7 277
8 282
9 17
10 284
11 292
12 241
13 304
14 305
15 84
16 310
17 377
18 385
19 424
20 441
21 468
22 471
23 39
24 511
25 581
26 588
27 586
28 351
29 637
30 31
31 668
32 9
33 87
34 354
35 258
36 670
37 363
38 315
39 609
40 681
41 216
42 564
43 239
44 622
45 446
46 84
47 322
48 483
49 660
50 53
51 494
52 681
53 146
54 159
55 316
56 610
57 638
58 724
59 567
60 688
61 236
62 724
63 214
64 211
65 765
66 30
67 325
68 387
69 303
70 642
71 421
72 792
73 798
74 817
75 72
76 323
77 173
78 830
79 18
80 501
81 304
82 90
83 831
84 847
85 848
86 848
87 857
88 859
89 873
90 918
91 922
92 926
93 938
94 947
95 947
96 947
97 953
98 972
99 998


0 44
1 52
2 113
3 140
4 221
5 95
6 260
7 277
8 17
9 282
10 284
11 241
12 292
13 304
14 84
15 305
16 310
17 377
18 385
19 424
20 441
21 468
22 39
23 471
24 511
25 581
26 586
27 351
28 588
29 31
30 637
31 9
32 87
33 354
34 258
35 668
36 363
37 315
38 609
39 670
40 216
41 564
42 239
43 622
44 446
45 84
46 322
47 483
48 660
49 53
50 494
51 681
52 146
53 159
54 316
55 610
56 638
57 681
58 567
59 688
60 236
61 724
62 214
63 211
64 724
65 30
66 325
67 387
68 303
69 642
70 421
71 765
72 792
73 798
74 72
75 323
76 173
77 817
78 18
79 501
80 304
81 90
82 830
83 831
84 847
85 848
86 848
87 857
88 859
89 873
90 918
91 922
92 926
93 938
94 947
95 947
96 947
97 953
98 972
99 998


0 44
1 52
2 113
3 140
4 95
5 221
6 260
7 17
8 277
9 282
10 241
11 284
12 292
13 84
14 304
15 305
16 310
17 377
18 385
19 424
20 441
21 39
22 468
23 471
24 511
25 581
26 351
27 586
28 31
29 588
30 9
31 87
32 354
33 258
34 637
35 363
36 315
37 609
38 668
39 216
40 564
41 239
42 622
43 446
44 84
45 322
46 483
47 660
48 53
49 494
50 670
51 146
52 159
53 316
54 610
55 638
56 681
57 567
58 681
59 236
60 688
61 214
62 211
63 724
64 30
65 325
66 387
67 303
68 642
69 421
70 724
71 765
72 792
73 72
74 323
75 173
76 798
77 18
78 501
79 304
80 90
81 817
82 830
83 831
84 847
85 848
86 848
87 857
88 859
89 873
90 918
91 922
92 926
93 938
94 947
95 947
96 947
97 953
98 972
99 998


0 44
1 52
2 113
3 95
4 140
5 221
6 17
7 260
8 277
9 241
10 282
11 284
12 84
13 292
14 304
15 305
16 310
17 377
18 385
19 424
20 39
21 441
22 468
23 471
24 511
25 351
26 581
27 31
28 586
29 9
30 87
31 354
32 258
33 588
34 363
35 315
36 609
37 637
38 216
39 564
40 239
41 622
42 446
43 84
44 322
45 483
46 660
47 53
48 494
49 668
50 146
51 159
52 316
53 610
54 638
55 670
56 567
57 681
58 236
59 681
60 214
61 211
62 688
63 30
64 325
65 387
66 303
67 642
68 421
69 724
70 724
71 765
72 72
73 323
74 173
75 792
76 18
77 501
78 304
79 90
80 798
81 817
82 830
83 831
84 847
85 848
86 848
87 857
88 859
89 873
90 918
91 922
92 926
93 938
94 947
95 947
96 947
97 953
98 972
99 998


0 44
1 52
2 95
3 113
4 140
5 17
6 221
7 260
8 241
9 277
10 282
11 84
12 284
13 292
14 304
15 305
16 310
17 377
18 385
19 39
20 424
21 441
22 468
23 471
24 351
25 511
26 31
27 581
28 9
29 87
30 354
31 258
32 586
33 363
34 315
35 588
36 609
37 216
38 564
39 239
40 622
41 446
42 84
43 322
44 483
45 637
46 53
47 494
48 660
49 146
50 159
51 316
52 610
53 638
54 668
55 567
56 670
57 236
58 681
59 214
60 211
61 681
62 30
63 325
64 387
65 303
66 642
67 421
68 688
69 724
70 724
71 72
72 323
73 173
74 765
75 18
76 501
77 304
78 90
79 792
80 798
81 817
82 830
83 831
84 847
85 848
86 848
87 857
88 859
89 873
90 918
91 922
92 926
93 938
94 947
95 947
96 947
97 953
98 972
99 998


0 44
1 52
2 95
3 113
4 17
5 140
6 221
7 241
8 260
9 277
10 84
11 282
12 284
13 292
14 304
15 305
16 310
17 377
18 39
19 385
20 424
21 441
22 468
23 351
24 471
25 31
26 511
27 9
28 87
29 354
30 258
31 581
32 363
33 315
34 586
35 588
36 216
37 564
38 239
39 609
40 446
41 84
42 322
43 483
44 622
45 53
46 494
47 637
48 146
49 159
50 316
51 610
52 638
53 660
54 567
55 668
56 236
57 670
58 214
59 211
60 681
61 30
62 325
63 387
64 303
65 642
66 421
67 681
68 688
69 724
70 72
71 323
72 173
73 724
74 18
75 501
76 304
77 90
78 765
79 792
80 798
81 817
82 830
83 831
84 847
85 848
86 848
87 857
88 859
89 873
90 918
91 922
92 926
93 938
94 947
95 947
96 947
97 953
98 972
99 998


0 44
1 52
2 95
3 17
4 113
5 140
6 221
7 241
8 260
9 84
10 277
11 282
12 284
13 292
14 304
15 305
16 310
17 39
18 377
19 385
20 424
21 441
22 351
23 468
24 31
25 471
26 9
27 87
28 354
29 258
30 511
31 363
32 315
33 581
34 586
35 216
36 564
37 239
38 588
39 446
40 84
41 322
42 483
43 609
44 53
45 494
46 622
47 146
48 159
49 316
50 610
51 637
52 638
53 567
54 660
55 236
56 668
57 214
58 211
59 670
60 30
61 325
62 387
63 303
64 642
65 421
66 681
67 681
68 688
69 72
70 323
71 173
72 724
73 18
74 501
75 304
76 90
77 724
78 765
79 792
80 798
81 817
82 830
83 831
84 847
85 848
86 848
87 857
88 859
89 873
90 918
91 922
92 926
93 938
94 947
95 947
96 947
97 953
98 972
99 998


0 44
1 52
2 17
3 95
4 113
5 140
6 221
7 241
8 84
9 260
10 277
11 282
12 284
13 292
14 304
15 305
16 39
17 310
18 377
19 385
20 424
21 351
22 441
23 31
24 468
25 9
26 87
27 354
28 258
29 471
30 363
31 315
32 511
33 581
34 216
35 564
36 239
37 586
38 446
39 84
40 322
41 483
42 588
43 53
44 494
45 609
46 146
47 159
48 316
49 610
50 622
51 637
52 567
53 638
54 236
55 660
56 214
57 211
58 668
59 30
60 325
61 387
62 303
63 642
64 421
65 670
66 681
67 681
68 72
69 323
70 173
71 688
72 18
73 501
74 304
75 90
76 724
77 724
78 765
79 792
80 798
81 817
82 830
83 831
84 847
85 848
86 848
87 857
88 859
89 873
90 918
91 922
92 926
93 938
94 947
95 947
96 947
97 953
98 972
99 998


0 44
1 17
2 52
3 95
4 113
5 140
6 221
7 84
8 241
9 260
10 277
11 282
12 284
13 292
14 304
15 39
16 305
17 310
18 377
19 385
20 351
21 424
22 31
23 441
24 9
25 87
26 354
27 258
28 468
29 363
30 315
31 471
32 511
33 216
34 564
35 239
36 581
37 446
38 84
39 322
40 483
41 586
42 53
43 494
44 588
45 146
46 159
47 316
48 609
49 610
50 622
51 567
52 637
53 236
54 638
55 214
56 211
57 660
58 30
59 325
60 387
61 303
62 642
63 421
64 668
65 670
66 681
67 72
68 323
69 173
70 681
71 18
72 501
73 304
74 90
75 688
76 724
77 724
78 765
79 792
80 798
81 817
82 830
83 831
84 847
85 848
86 848
87 857
88 859
89 873
90 918
91 922
92 926
93 938
94 947
95 947
96 947
97 953
98 972
99 998


0 17
1 44
2 52
3 95
4 113
5 140
6 84
7 221
8 241
9 260
10 277
11 282
12 284
13 292
14 39
15 304
16 305
17 310
18 377
19 351
20 385
21 31
22 424
23 9
24 87
25 354
26 258
27 441
28 363
29 315
30 468
31 471
32 216
33 511
34 239
35 564
36 446
37 84
38 322
39 483
40 581
41 53
42 494
43 586
44 146
45 159
46 316
47 588
48 609
49 610
50 567
51 622
52 236
53 637
54 214
55 211
56 638
57 30
58 325
59 387
60 303
61 642
62 421
63 660
64 668
65 670
66 72
67 323
68 173
69 681
70 18
71 501
72 304
73 90
74 681
75 688
76 724
77 724
78 765
79 792
80 798
81 817
82 830
83 831
84 847
85 848
86 848
87 857
88 859
89 873
90 918
91 922
92 926
93 938
94 947
95 947
96 947
97 953
98 972
99 998


0 17
1 44
2 52
3 95
4 113
5 84
6 140
7 221
8 241
9 260
10 277
11 282
12 284
13 39
14 292
15 304
16 305
17 310
18 351
19 377
20 31
21 385
22 9
23 87
24 354
25 258
26 424
27 363
28 315
29 441
30 468
31 216
32 471
33 239
34 511
35 446
36 84
37 322
38 483
39 564
40 53
41 494
42 581
43 146
44 159
45 316
46 586
47 588
48 609
49 567
50 610
51 236
52 622
53 214
54 211
55 637
56 30
57 325
58 387
59 303
60 638
61 421
62 642
63 660
64 668
65 72
66 323
67 173
68 670
69 18
70 501
71 304
72 90
73 681
74 681
75 688
76 724
77 724
78 765
79 792
80 798
81 817
82 830
83 831
84 847
85 848
86 848
87 857
88 859
89 873
90 918
91 922
92 926
93 938
94 947
95 947
96 947
97 953
98 972
99 998


0 17
1 44
2 52
3 95
4 84
5 113
6 140
7 221
8 241
9 260
10 277
11 282
12 39
13 284
14 292
15 304
16 305
17 310
18 351
19 31
20 377
21 9
22 87
23 354
24 258
25 385
26 363
27 315
28 424
29 441
30 216
31 468
32 239
33 471
34 446
35 84
36 322
37 483
38 511
39 53
40 494
41 564
42 146
43 159
44 316
45 581
46 586
47 588
48 567
49 609
50 236
51 610
52 214
53 211
54 622
55 30
56 325
57 387
58 303
59 637
60 421
61 638
62 642
63 660
64 72
65 323
66 173
67 668
68 18
69 501
70 304
71 90
72 670
73 681
74 681
75 688
76 724
77 724
78 765
79 792
80 798
81 817
82 830
83 831
84 847
85 848
86 848
87 857
88 859
89 873
90 918
91 922
92 926
93 938
94 947
95 947
96 947
97 953
98 972
99 998


0 17
1 44
2 52
3 84
4 95
5 113
6 140
7 221
8 241
9 260
10 277
11 39
12 282
13 284
14 292
15 304
16 305
17 310
18 31
19 351
20 9
21 87
22 354
23 258
24 377
25 363
26 315
27 385
28 424
29 216
30 441
31 239
32 468
33 446
34 84
35 322
36 471
37 483
38 53
39 494
40 511
41 146
42 159
43 316
44 564
45 581
46 586
47 567
48 588
49 236
50 609
51 214
52 211
53 610
54 30
55 325
56 387
57 303
58 622
59 421
60 637
61 638
62 642
63 72
64 323
65 173
66 660
67 18
68 501
69 304
70 90
71 668
72 670
73 681
74 681
75 688
76 724
77 724
78 765
79 792
80 798
81 817
82 830
83 831
84 847
85 848
86 848
87 857
88 859
89 873
90 918
91 922
92 926
93 938
94 947
95 947
96 947
97 953
98 972
99 998


0 17
1 44
2 52
3 84
4 95
5 113
6 140
7 221
8 241
9 260
10 39
11 277
12 282
13 284
14 292
15 304
16 305
17 31
18 310
19 9
20 87
21 351
22 258
23 354
24 363
25 315
26 377
27 385
28 216
29 424
30 239
31 441
32 446
33 84
34 322
35 468
36 471
37 53
38 483
39 494
40 146
41 159
42 316
43 511
44 564
45 581
46 567
47 586
48 236
49 588
50 214
51 211
52 609
53 30
54 325
55 387
56 303
57 610
58 421
59 622
60 637
61 638
62 72
63 323
64 173
65 642
66 18
67 501
68 304
69 90
70 660
71 668
72 670
73 681
74 681
75 688
76 724
77 724
78 765
79 792
80 798
81 817
82 830
83 831
84 847
85 848
86 848
87 857
88 859
89 873
90 918
91 922
92 926
93 938
94 947
95 947
96 947
97 953
98 972
99 998


0 17
1 44
2 52
3 84
4 95
5 113
6 140
7 221
8 241
9 39
10 260
11 277
12 282
13 284
14 292
15 304
16 31
17 305
18 9
19 87
20 310
21 258
22 351
23 354
24 315
25 363
26 377
27 216
28 385
29 239
30 424
31 441
32 84
33 322
34 446
35 468
36 53
37 471
38 483
39 146
40 159
41 316
42 494
43 511
44 564
45 567
46 581
47 236
48 586
49 214
50 211
51 588
52 30
53 325
54 387
55 303
56 609
57 421
58 610
59 622
60 637
61 72
62 323
63 173
64 638
65 18
66 501
67 304
68 90
69 642
70 660
71 668
72 670
73 681
74 681
75 688
76 724
77 724
78 765
79 792
80 798
81 817
82 830
83 831
84 847
85 848
86 848
87 857
88 859
89 873
90 918
91 922
92 926
93 938
94 947
95 947
96 947
97 953
98 972
99 998


0 17
1 44
2 52
3 84
4 95
5 113
6 140
7 221
8 39
9 241
10 260
11 277
12 282
13 284
14 292
15 31
16 304
17 9
18 87
19 305
20 258
21 310
22 351
23 315
24 354
25 363
26 216
27 377
28 239
29 385
30 424
31 84
32 322
33 441
34 446
35 53
36 468
37 471
38 146
39 159
40 316
41 483
42 494
43 511
44 564
45 567
46 236
47 581
48 214
49 211
50 586
51 30
52 325
53 387
54 303
55 588
56 421
57 609
58 610
59 622
60 72
61 323
62 173
63 637
64 18
65 501
66 304
67 90
68 638
69 642
70 660
71 668
72 670
73 681
74 681
75 688
76 724
77 724
78 765
79 792
80 798
81 817
82 830
83 831
84 847
85 848
86 848
87 857
88 859
89 873
90 918
91 922
92 926
93 938
94 947
95 947
96 947
97 953
98 972
99 998


0 17
1 44
2 52
3 84
4 95
5 113
6 140
7 39
8 221
9 241
10 260
11 277
12 282
13 284
14 31
15 292
16 9
17 87
18 304
19 258
20 305
21 310
22 315
23 351
24 354
25 216
26 363
27 239
28 377
29 385
30 84
31 322
32 424
33 441
34 53
35 446
36 468
37 146
38 159
39 316
40 471
41 483
42 494
43 511
44 564
45 236
46 567
47 214
48 211
49 581
50 30
51 325
52 387
53 303
54 586
55 421
56 588
57 609
58 610
59 72
60 323
61 173
62 622
63 18
64 501
65 304
66 90
67 637
68 638
69 642
70 660
71 668
72 670
73 681
74 681
75 688
76 724
77 724
78 765
79 792
80 798
81 817
82 830
83 831
84 847
85 848
86 848
87 857
88 859
89 873
90 918
91 922
92 926
93 938
94 947
95 947
96 947
97 953
98 972
99 998


0 17
1 44
2 52
3 84
4 95
5 113
6 39
7 140
8 221
9 241
10 260
11 277
12 282
13 31
14 284
15 9
16 87
17 292
18 258
19 304
20 305
21 310
22 315
23 351
24 216
25 354
26 239
27 363
28 377
29 84
30 322
31 385
32 424
33 53
34 441
35 446
36 146
37 159
38 316
39 468
40 471
41 483
42 494
43 511
44 236
45 564
46 214
47 211
48 567
49 30
50 325
51 387
52 303
53 581
54 421
55 586
56 588
57 609
58 72
59 323
60 173
61 610
62 18
63 501
64 304
65 90
66 622
67 637
68 638
69 642
70 660
71 668
72 670
73 681
74 681
75 688
76 724
77 724
78 765
79 792
80 798
81 817
82 830
83 831
84 847
85 848
86 848
87 857
88 859
89 873
90 918
91 922
92 926
93 938
94 947
95 947
96 947
97 953
98 972
99 998


0 17
1 44
2 52
3 84
4 95
5 39
6 113
7 140
8 221
9 241
10 260
11 277
12 31
13 282
14 9
15 87
16 284
17 258
18 292
19 304
20 305
21 310
22 315
23 216
24 351
25 239
26 354
27 363
28 84
29 322
30 377
31 385
32 53
33 424
34 441
35 146
36 159
37 316
38 446
39 468
40 471
41 483
42 494
43 236
44 511
45 214
46 211
47 564
48 30
49 325
50 387
51 303
52 567
53 421
54 581
55 586
56 588
57 72
58 323
59 173
60 609
61 18
62 501
63 304
64 90
65 610
66 622
67 637
68 638
69 642
70 660
71 668
72 670
73 681
74 681
75 688
76 724
77 724
78 765
79 792
80 798
81 817
82 830
83 831
84 847
85 848
86 848
87 857
88 859
89 873
90 918
91 922
92 926
93 938
94 947
95 947
96 947
97 953
98 972
99 998


0 17
1 44
2 52
3 84
4 39
5 95
6 113
7 140
8 221
9 241
10 260
11 31
12 277
13 9
14 87
15 282
16 258
17 284
18 292
19 304
20 305
21 310
22 216
23 315
24 239
25 351
26 354
27 84
28 322
29 363
30 377
31 53
32 385
33 424
34 146
35 159
36 316
37 441
38 446
39 468
40 471
41 483
42 236
43 494
44 214
45 211
46 511
47 30
48 325
49 387
50 303
51 564
52 421
53 567
54 581
55 586
56 72
57 323
58 173
59 588
60 18
61 501
62 304
63 90
64 609
65 610
66 622
67 637
68 638
69 642
70 660
71 668
72 670
73 681
74 681
75 688
76 724
77 724
78 765
79 792
80 798
81 817
82 830
83 831
84 847
85 848
86 848
87 857
88 859
89 873
90 918
91 922
92 926
93 938
94 947
95 947
96 947
97 953
98 972
99 998


0 17
1 44
2 52
3 39
4 84
5 95
6 113
7 140
8 221
9 241
10 31
11 260
12 9
13 87
14 277
15 258
16 282
17 284
18 292
19 304
20 305
21 216
22 310
23 239
24 315
25 351
26 84
27 322
28 354
29 363
30 53
31 377
32 385
33 146
34 159
35 316
36 424
37 441
38 446
39 468
40 471
41 236
42 483
43 214
44 211
45 494
46 30
47 325
48 387
49 303
50 511
51 421
52 564
53 567
54 581
55 72
56 323
57 173
58 586
59 18
60 501
61 304
62 90
63 588
64 609
65 610
66 622
67 637
68 638
69 642
70 660
71 668
72 670
73 681
74 681
75 688
76 724
77 724
78 765
79 792
80 798
81 817
82 830
83 831
84 847
85 848
86 848
87 857
88 859
89 873
90 918
91 922
92 926
93 938
94 947
95 947
96 947
97 953
98 972
99 998


0 17
1 44
2 39
3 52
4 84
5 95
6 113
7 140
8 221
9 31
10 241
11 9
12 87
13 260
14 258
15 277
16 282
17 284
18 292
19 304
20 216
21 305
22 239
23 310
24 315
25 84
26 322
27 351
28 354
29 53
30 363
31 377
32 146
33 159
34 316
35 385
36 424
37 441
38 446
39 468
40 236
41 471
42 214
43 211
44 483
45 30
46 325
47 387
48 303
49 494
50 421
51 511
52 564
53 567
54 72
55 323
56 173
57 581
58 18
59 501
60 304
61 90
62 586
63 588
64 609
65 610
66 622
67 637
68 638
69 642
70 660
71 668
72 670
73 681
74 681
75 688
76 724
77 724
78 765
79 792
80 798
81 817
82 830
83 831
84 847
85 848
86 848
87 857
88 859
89 873
90 918
91 922
92 926
93 938
94 947
95 947
96 947
97 953
98 972
99 998


0 17
1 39
2 44
3 52
4 84
5 95
6 113
7 140
8 31
9 221
10 9
11 87
12 241
13 258
14 260
15 277
16 282
17 284
18 292
19 216
20 304
21 239
22 305
23 310
24 84
25 315
26 322
27 351
28 53
29 354
30 363
31 146
32 159
33 316
34 377
35 385
36 424
37 441
38 446
39 236
40 468
41 214
42 211
43 471
44 30
45 325
46 387
47 303
48 483
49 421
50 494
51 511
52 564
53 72
54 323
55 173
56 567
57 18
58 501
59 304
60 90
61 581
62 586
63 588
64 609
65 610
66 622
67 637
68 638
69 642
70 660
71 668
72 670
73 681
74 681
75 688
76 724
77 724
78 765
79 792
80 798
81 817
82 830
83 831
84 847
85 848
86 848
87 857
88 859
89 873
90 918
91 922
92 926
93 938
94 947
95 947
96 947
97 953
98 972
99 998


0 17
1 39
2 44
3 52
4 84
5 95
6 113
7 31
8 140
9 9
10 87
11 221
12 241
13 258
14 260
15 277
16 282
17 284
18 216
19 292
20 239
21 304
22 305
23 84
24 310
25 315
26 322
27 53
28 351
29 354
30 146
31 159
32 316
33 363
34 377
35 385
36 424
37 441
38 236
39 446
40 214
41 211
42 468
43 30
44 325
45 387
46 303
47 471
48 421
49 483
50 494
51 511
52 72
53 323
54 173
55 564
56 18
57 501
58 304
59 90
60 567
61 581
62 586
63 588
64 609
65 610
66 622
67 637
68 638
69 642
70 660
71 668
72 670
73 681
74 681
75 688
76 724
77 724
78 765
79 792
80 798
81 817
82 830
83 831
84 847
85 848
86 848
87 857
88 859
89 873
90 918
91 922
92 926
93 938
94 947
95 947
96 947
97 953
98 972
99 998


0 17
1 39
2 44
3 52
4 84
5 95
6 31
7 113
8 9
9 87
10 140
11 221
12 241
13 258
14 260
15 277
16 282
17 216
18 284
19 239
20 292
21 304
22 84
23 305
24 310
25 315
26 53
27 322
28 351
29 146
30 159
31 316
32 354
33 363
34 377
35 385
36 424
37 236
38 441
39 214
40 211
41 446
42 30
43 325
44 387
45 303
46 468
47 421
48 471
49 483
50 494
51 72
52 323
53 173
54 511
55 18
56 501
57 304
58 90
59 564
60 567
61 581
62 586
63 588
64 609
65 610
66 622
67 637
68 638
69 642
70 660
71 668
72 670
73 681
74 681
75 688
76 724
77 724
78 765
79 792
80 798
81 817
82 830
83 831
84 847
85 848
86 848
87 857
88 859
89 873
90 918
91 922
92 926
93 938
94 947
95 947
96 947
97 953
98 972
99 998


0 17
1 39
2 44
3 52
4 84
5 31
6 95
7 9
8 87
9 113
10 140
11 221
12 241
13 258
14 260
15 277
16 216
17 282
18 239
19 284
20 292
21 84
22 304
23 305
24 310
25 53
26 315
27 322
28 146
29 159
30 316
31 351
32 354
33 363
34 377
35 385
36 236
37 424
38 214
39 211
40 441
41 30
42 325
43 387
44 303
45 446
46 421
47 468
48 471
49 483
50 72
51 323
52 173
53 494
54 18
55 501
56 304
57 90
58 511
59 564
60 567
61 581
62 586
63 588
64 609
65 610
66 622
67 637
68 638
69 642
70 660
71 668
72 670
73 681
74 681
75 688
76 724
77 724
78 765
79 792
80 798
81 817
82 830
83 831
84 847
85 848
86 848
87 857
88 859
89 873
90 918
91 922
92 926
93 938
94 947
95 947
96 947
97 953
98 972
99 998


0 17
1 39
2 44
3 52
4 31
5 84
6 9
7 87
8 95
9 113
10 140
11 221
12 241
13 258
14 260
15 216
16 277
17 239
18 282
19 284
20 84
21 292
22 304
23 305
24 53
25 310
26 315
27 146
28 159
29 316
30 322
31 351
32 354
33 363
34 377
35 236
36 385
37 214
38 211
39 424
40 30
41 325
42 387
43 303
44 441
45 421
46 446
47 468
48 471
49 72
50 323
51 173
52 483
53 18
54 494
55 304
56 90
57 501
58 511
59 564
60 567
61 581
62 586
63 588
64 609
65 610
66 622
67 637
68 638
69 642
70 660
71 668
72 670
73 681
74 681
75 688
76 724
77 724
78 765
79 792
80 798
81 817
82 830
83 831
84 847
85 848
86 848
87 857
88 859
89 873
90 918
91 922
92 926
93 938
94 947
95 947
96 947
97 953
98 972
99 998


0 17
1 39
2 44
3 31
4 52
5 9
6 84
7 87
8 95
9 113
10 140
11 221
12 241
13 258
14 216
15 260
16 239
17 277
18 282
19 84
20 284
21 292
22 304
23 53
24 305
25 310
26 146
27 159
28 315
29 316
30 322
31 351
32 354
33 363
34 236
35 377
36 214
37 211
38 385
39 30
40 325
41 387
42 303
43 424
44 421
45 441
46 446
47 468
48 72
49 323
50 173
51 471
52 18
53 483
54 304
55 90
56 494
57 501
58 511
59 564
60 567
61 581
62 586
63 588
64 609
65 610
66 622
67 637
68 638
69 642
70 660
71 668
72 670
73 681
74 681
75 688
76 724
77 724
78 765
79 792
80 798
81 817
82 830
83 831
84 847
85 848
86 848
87 857
88 859
89 873
90 918
91 922
92 926
93 938
94 947
95 947
96 947
97 953
98 972
99 998


0 17
1 39
2 31
3 44
4 9
5 52
6 84
7 87
8 95
9 113
10 140
11 221
12 241
13 216
14 258
15 239
16 260
17 277
18 84
19 282
20 284
21 292
22 53
23 304
24 305
25 146
26 159
27 310
28 315
29 316
30 322
31 351
32 354
33 236
34 363
35 214
36 211
37 377
38 30
39 325
40 385
41 303
42 387
43 421
44 424
45 441
46 446
47 72
48 323
49 173
50 468
51 18
52 471
53 304
54 90
55 483
56 494
57 501
58 511
59 564
60 567
61 581
62 586
63 588
64 609
65 610
66 622
67 637
68 638
69 642
70 660
71 668
72 670
73 681
74 681
75 688
76 724
77 724
78 765
79 792
80 798
81 817
82 830
83 831
84 847
85 848
86 848
87 857
88 859
89 873
90 918
91 922
92 926
93 938
94 947
95 947
96 947
97 953
98 972
99 998


0 17
1 31
2 39
3 9
4 44
5 52
6 84
7 87
8 95
9 113
10 140
11 221
12 216
13 241
14 239
15 258
16 260
17 84
18 277
19 282
20 284
21 53
22 292
23 304
24 146
25 159
26 305
27 310
28 315
29 316
30 322
31 351
32 236
33 354
34 214
35 211
36 363
37 30
38 325
39 377
40 303
41 385
42 387
43 421
44 424
45 441
46 72
47 323
48 173
49 446
50 18
51 468
52 304
53 90
54 471
55 483
56 494
57 501
58 511
59 564
60 567
61 581
62 586
63 588
64 609
65 610
66 622
67 637
68 638
69 642
70 660
71 668
72 670
73 681
74 681
75 688
76 724
77 724
78 765
79 792
80 798
81 817
82 830
83 831
84 847
85 848
86 848
87 857
88 859
89 873
90 918
91 922
92 926
93 938
94 947
95 947
96 947
97 953
98 972
99 998


0 17
1 31
2 9
3 39
4 44
5 52
6 84
7 87
8 95
9 113
10 140
11 216
12 221
13 239
14 241
15 258
16 84
17 260
18 277
19 282
20 53
21 284
22 292
23 146
24 159
25 304
26 305
27 310
28 315
29 316
30 322
31 236
32 351
33 214
34 211
35 354
36 30
37 325
38 363
39 303
40 377
41 385
42 387
43 421
44 424
45 72
46 323
47 173
48 441
49 18
50 446
51 304
52 90
53 468
54 471
55 483
56 494
57 501
58 511
59 564
60 567
61 581
62 586
63 588
64 609
65 610
66 622
67 637
68 638
69 642
70 660
71 668
72 670
73 681
74 681
75 688
76 724
77 724
78 765
79 792
80 798
81 817
82 830
83 831
84 847
85 848
86 848
87 857
88 859
89 873
90 918
91 922
92 926
93 938
94 947
95 947
96 947
97 953
98 972
99 998


0 17
1 9
2 31
3 39
4 44
5 52
6 84
7 87
8 95
9 113
10 140
11 216
12 221
13 239
14 241
15 84
16 258
17 260
18 277
19 53
20 282
21 284
22 146
23 159
24 292
25 304
26 305
27 310
28 315
29 316
30 236
31 322
32 214
33 211
34 351
35 30
36 325
37 354
38 303
39 363
40 377
41 385
42 387
43 421
44 72
45 323
46 173
47 424
48 18
49 441
50 304
51 90
52 446
53 468
54 471
55 483
56 494
57 501
58 511
59 564
60 567
61 581
62 586
63 588
64 609
65 610
66 622
67 637
68 638
69 642
70 660
71 668
72 670
73 681
74 681
75 688
76 724
77 724
78 765
79 792
80 798
81 817
82 830
83 831
84 847
85 848
86 848
87 857
88 859
89 873
90 918
91 922
92 926
93 938
94 947
95 947
96 947
97 953
98 972
99 998


0 9
1 17
2 31
3 39
4 44
5 52
6 84
7 87
8 95
9 113
10 140
11 216
12 221
13 239
14 84
15 241
16 258
17 260
18 53
19 277
20 282
21 146
22 159
23 284
24 292
25 304
26 305
27 310
28 315
29 236
30 316
31 214
32 211
33 322
34 30
35 325
36 351
37 303
38 354
39 363
40 377
41 385
42 387
43 72
44 323
45 173
46 421
47 18
48 424
49 304
50 90
51 441
52 446
53 468
54 471
55 483
56 494
57 501
58 511
59 564
60 567
61 581
62 586
63 588
64 609
65 610
66 622
67 637
68 638
69 642
70 660
71 668
72 670
73 681
74 681
75 688
76 724
77 724
78 765
79 792
80 798
81 817
82 830
83 831
84 847
85 848
86 848
87 857
88 859
89 873
90 918
91 922
92 926
93 938
94 947
95 947
96 947
97 953
98 972
99 998


0 9
1 17
2 31
3 39
4 44
5 52
6 84
7 87
8 95
9 113
10 140
11 216
12 221
13 84
14 239
15 241
16 258
17 53
18 260
19 277
20 146
21 159
22 282
23 284
24 292
25 304
26 305
27 310
28 236
29 315
30 214
31 211
32 316
33 30
34 322
35 325
36 303
37 351
38 354
39 363
40 377
41 385
42 72
43 323
44 173
45 387
46 18
47 421
48 304
49 90
50 424
51 441
52 446
53 468
54 471
55 483
56 494
57 501
58 511
59 564
60 567
61 581
62 586
63 588
64 609
65 610
66 622
67 637
68 638
69 642
70 660
71 668
72 670
73 681
74 681
75 688
76 724
77 724
78 765
79 792
80 798
81 817
82 830
83 831
84 847
85 848
86 848
87 857
88 859
89 873
90 918
91 922
92 926
93 938
94 947
95 947
96 947
97 953
98 972
99 998


0 9
1 17
2 31
3 39
4 44
5 52
6 84
7 87
8 95
9 113
10 140
11 216
12 84
13 221
14 239
15 241
16 53
17 258
18 260
19 146
20 159
21 277
22 282
23 284
24 292
25 304
26 305
27 236
28 310
29 214
30 211
31 315
32 30
33 316
34 322
35 303
36 325
37 351
38 354
39 363
40 377
41 72
42 323
43 173
44 385
45 18
46 387
47 304
48 90
49 421
50 424
51 441
52 446
53 468
54 471
55 483
56 494
57 501
58 511
59 564
60 567
61 581
62 586
63 588
64 609
65 610
66 622
67 637
68 638
69 642
70 660
71 668
72 670
73 681
74 681
75 688
76 724
77 724
78 765
79 792
80 798
81 817
82 830
83 831
84 847
85 848
86 848
87 857
88 859
89 873
90 918
91 922
92 926
93 938
94 947
95 947
96 947
97 953
98 972
99 998


0 9
1 17
2 31
3 39
4 44
5 52
6 84
7 87
8 95
9 113
10 140
11 84
12 216
13 221
14 239
15 53
16 241
17 258
18 146
19 159
20 260
21 277
22 282
23 284
24 292
25 304
26 236
27 305
28 214
29 211
30 310
31 30
32 315
33 316
34 303
35 322
36 325
37 351
38 354
39 363
40 72
41 323
42 173
43 377
44 18
45 385
46 304
47 90
48 387
49 421
50 424
51 441
52 446
53 468
54 471
55 483
56 494
57 501
58 511
59 564
60 567
61 581
62 586
63 588
64 609
65 610
66 622
67 637
68 638
69 642
70 660
71 668
72 670
73 681
74 681
75 688
76 724
77 724
78 765
79 792
80 798
81 817
82 830
83 831
84 847
85 848
86 848
87 857
88 859
89 873
90 918
91 922
92 926
93 938
94 947
95 947
96 947
97 953
98 972
99 998


0 9
1 17
2 31
3 39
4 44
5 52
6 84
7 87
8 95
9 113
10 84
11 140
12 216
13 221
14 53
15 239
16 241
17 146
18 159
19 258
20 260
21 277
22 282
23 284
24 292
25 236
26 304
27 214
28 211
29 305
30 30
31 310
32 315
33 303
34 316
35 322
36 325
37 351
38 354
39 72
40 323
41 173
42 363
43 18
44 377
45 304
46 90
47 385
48 387
49 421
50 424
51 441
52 446
53 468
54 471
55 483
56 494
57 501
58 511
59 564
60 567
61 581
62 586
63 588
64 609
65 610
66 622
67 637
68 638
69 642
70 660
71 668
72 670
73 681
74 681
75 688
76 724
77 724
78 765
79 792
80 798
81 817
82 830
83 831
84 847
85 848
86 848
87 857
88 859
89 873
90 918
91 922
92 926
93 938
94 947
95 947
96 947
97 953
98 972
99 998


0 9
1 17
2 31
3 39
4 44
5 52
6 84
7 87
8 95
9 84
10 113
11 140
12 216
13 53
14 221
15 239
16 146
17 159
18 241
19 258
20 260
21 277
22 282
23 284
24 236
25 292
26 214
27 211
28 304
29 30
30 305
31 310
32 303
33 315
34 316
35 322
36 325
37 351
38 72
39 323
40 173
41 354
42 18
43 363
44 304
45 90
46 377
47 385
48 387
49 421
50 424
51 441
52 446
53 468
54 471
55 483
56 494
57 501
58 511
59 564
60 567
61 581
62 586
63 588
64 609
65 610
66 622
67 637
68 638
69 642
70 660
71 668
72 670
73 681
74 681
75 688
76 724
77 724
78 765
79 792
80 798
81 817
82 830
83 831
84 847
85 848
86 848
87 857
88 859
89 873
90 918
91 922
92 926
93 938
94 947
95 947
96 947
97 953
98 972
99 998


0 9
1 17
2 31
3 39
4 44
5 52
6 84
7 87
8 84
9 95
10 113
11 140
12 53
13 216
14 221
15 146
16 159
17 239
18 241
19 258
20 260
21 277
22 282
23 236
24 284
25 214
26 211
27 292
28 30
29 304
30 305
31 303
32 310
33 315
34 316
35 322
36 325
37 72
38 323
39 173
40 351
41 18
42 354
43 304
44 90
45 363
46 377
47 385
48 387
49 421
50 424
51 441
52 446
53 468
54 471
55 483
56 494
57 501
58 511
59 564
60 567
61 581
62 586
63 588
64 609
65 610
66 622
67 637
68 638
69 642
70 660
71 668
72 670
73 681
74 681
75 688
76 724
77 724
78 765
79 792
80 798
81 817
82 830
83 831
84 847
85 848
86 848
87 857
88 859
89 873
90 918
91 922
92 926
93 938
94 947
95 947
96 947
97 953
98 972
99 998


0 9
1 17
2 31
3 39
4 44
5 52
6 84
7 84
8 87
9 95
10 113
11 53
12 140
13 216
14 146
15 159
16 221
17 239
18 241
19 258
20 260
21 277
22 236
23 282
24 214
25 211
26 284
27 30
28 292
29 304
30 303
31 305
32 310
33 315
34 316
35 322
36 72
37 323
38 173
39 325
40 18
41 351
42 304
43 90
44 354
45 363
46 377
47 385
48 387
49 421
50 424
51 441
52 446
53 468
54 471
55 483
56 494
57 501
58 511
59 564
60 567
61 581
62 586
63 588
64 609
65 610
66 622
67 637
68 638
69 642
70 660
71 668
72 670
73 681
74 681
75 688
76 724
77 724
78 765
79 792
80 798
81 817
82 830
83 831
84 847
85 848
86 848
87 857
88 859
89 873
90 918
91 922
92 926
93 938
94 947
95 947
96 947
97 953
98 972
99 998


0 9
1 17
2 31
3 39
4 44
5 52
6 84
7 84
8 87
9 95
10 53
11 113
12 140
13 146
14 159
15 216
16 221
17 239
18 241
19 258
20 260
21 236
22 277
23 214
24 211
25 282
26 30
27 284
28 292
29 303
30 304
31 305
32 310
33 315
34 316
35 72
36 322
37 173
38 323
39 18
40 325
41 304
42 90
43 351
44 354
45 363
46 377
47 385
48 387
49 421
50 424
51 441
52 446
53 468
54 471
55 483
56 494
57 501
58 511
59 564
60 567
61 581
62 586
63 588
64 609
65 610
66 622
67 637
68 638
69 642
70 660
71 668
72 670
73 681
74 681
75 688
76 724
77 724
78 765
79 792
80 798
81 817
82 830
83 831
84 847
85 848
86 848
87 857
88 859
89 873
90 918
91 922
92 926
93 938
94 947
95 947
96 947
97 953
98 972
99 998


0 9
1 17
2 31
3 39
4 44
5 52
6 84
7 84
8 87
9 53
10 95
11 113
12 140
13 146
14 159
15 216
16 221
17 239
18 241
19 258
20 236
21 260
22 214
23 211
24 277
25 30
26 282
27 284
28 292
29 303
30 304
31 305
32 310
33 315
34 72
35 316
36 173
37 322
38 18
39 323
40 304
41 90
42 325
43 351
44 354
45 363
46 377
47 385
48 387
49 421
50 424
51 441
52 446
53 468
54 471
55 483
56 494
57 501
58 511
59 564
60 567
61 581
62 586
63 588
64 609
65 610
66 622
67 637
68 638
69 642
70 660
71 668
72 670
73 681
74 681
75 688
76 724
77 724
78 765
79 792
80 798
81 817
82 830
83 831
84 847
85 848
86 848
87 857
88 859
89 873
90 918
91 922
92 926
93 938
94 947
95 947
96 947
97 953
98 972
99 998


0 9
1 17
2 31
3 39
4 44
5 52
6 84
7 84
8 53
9 87
10 95
11 113
12 140
13 146
14 159
15 216
16 221
17 239
18 241
19 236
20 258
21 214
22 211
23 260
24 30
25 277
26 282
27 284
28 292
29 303
30 304
31 305
32 310
33 72
34 315
35 173
36 316
37 18
38 322
39 304
40 90
41 323
42 325
43 351
44 354
45 363
46 377
47 385
48 387
49 421
50 424
51 441
52 446
53 468
54 471
55 483
56 494
57 501
58 511
59 564
60 567
61 581
62 586
63 588
64 609
65 610
66 622
67 637
68 638
69 642
70 660
71 668
72 670
73 681
74 681
75 688
76 724
77 724
78 765
79 792
80 798
81 817
82 830
83 831
84 847
85 848
86 848
87 857
88 859
89 873
90 918
91 922
92 926
93 938
94 947
95 947
96 947
97 953
98 972
99 998


0 9
1 17
2 31
3 39
4 44
5 52
6 84
7 53
8 84
9 87
10 95
11 113
12 140
13 146
14 159
15 216
16 221
17 239
18 236
19 241
20 214
21 211
22 258
23 30
24 260
25 277
26 282
27 284
28 292
29 303
30 304
31 305
32 72
33 310
34 173
35 315
36 18
37 316
38 304
39 90
40 322
41 323
42 325
43 351
44 354
45 363
46 377
47 385
48 387
49 421
50 424
51 441
52 446
53 468
54 471
55 483
56 494
57 501
58 511
59 564
60 567
61 581
62 586
63 588
64 609
65 610
66 622
67 637
68 638
69 642
70 660
71 668
72 670
73 681
74 681
75 688
76 724
77 724
78 765
79 792
80 798
81 817
82 830
83 831
84 847
85 848
86 848
87 857
88 859
89 873
90 918
91 922
92 926
93 938
94 947
95 947
96 947
97 953
98 972
99 998


0 9
1 17
2 31
3 39
4 44
5 52
6 53
7 84
8 84
9 87
10 95
11 113
12 140
13 146
14 159
15 216
16 221
17 236
18 239
19 214
20 211
21 241
22 30
23 258
24 260
25 277
26 282
27 284
28 292
29 303
30 304
31 72
32 305
33 173
34 310
35 18
36 315
37 304
38 90
39 316
40 322
41 323
42 325
43 351
44 354
45 363
46 377
47 385
48 387
49 421
50 424
51 441
52 446
53 468
54 471
55 483
56 494
57 501
58 511
59 564
60 567
61 581
62 586
63 588
64 609
65 610
66 622
67 637
68 638
69 642
70 660
71 668
72 670
73 681
74 681
75 688
76 724
77 724
78 765
79 792
80 798
81 817
82 830
83 831
84 847
85 848
86 848
87 857
88 859
89 873
90 918
91 922
92 926
93 938
94 947
95 947
96 947
97 953
98 972
99 998


0 9
1 17
2 31
3 39
4 44
5 52
6 53
7 84
8 84
9 87
10 95
11 113
12 140
13 146
14 159
15 216
16 221
17 236
18 214
19 211
20 239
21 30
22 241
23 258
24 260
25 277
26 282
27 284
28 292
29 303
30 72
31 304
32 173
33 305
34 18
35 310
36 304
37 90
38 315
39 316
40 322
41 323
42 325
43 351
44 354
45 363
46 377
47 385
48 387
49 421
50 424
51 441
52 446
53 468
54 471
55 483
56 494
57 501
58 511
59 564
60 567
61 581
62 586
63 588
64 609
65 610
66 622
67 637
68 638
69 642
70 660
71 668
72 670
73 681
74 681
75 688
76 724
77 724
78 765
79 792
80 798
81 817
82 830
83 831
84 847
85 848
86 848
87 857
88 859
89 873
90 918
91 922
92 926
93 938
94 947
95 947
96 947
97 953
98 972
99 998


0 9
1 17
2 31
3 39
4 44
5 52
6 53
7 84
8 84
9 87
10 95
11 113
12 140
13 146
14 159
15 216
16 221
17 214
18 211
19 236
20 30
21 239
22 241
23 258
24 260
25 277
26 282
27 284
28 292
29 72
30 303
31 173
32 304
33 18
34 305
35 304
36 90
37 310
38 315
39 316
40 322
41 323
42 325
43 351
44 354
45 363
46 377
47 385
48 387
49 421
50 424
51 441
52 446
53 468
54 471
55 483
56 494
57 501
58 511
59 564
60 567
61 581
62 586
63 588
64 609
65 610
66 622
67 637
68 638
69 642
70 660
71 668
72 670
73 681
74 681
75 688
76 724
77 724
78 765
79 792
80 798
81 817
82 830
83 831
84 847
85 848
86 848
87 857
88 859
89 873
90 918
91 922
92 926
93 938
94 947
95 947
96 947
97 953
98 972
99 998


0 9
1 17
2 31
3 39
4 44
5 52
6 53
7 84
8 84
9 87
10 95
11 113
12 140
13 146
14 159
15 216
16 214
17 211
18 221
19 30
20 236
21 239
22 241
23 258
24 260
25 277
26 282
27 284
28 72
29 292
30 173
31 303
32 18
33 304
34 304
35 90
36 305
37 310
38 315
39 316
40 322
41 323
42 325
43 351
44 354
45 363
46 377
47 385
48 387
49 421
50 424
51 441
52 446
53 468
54 471
55 483
56 494
57 501
58 511
59 564
60 567
61 581
62 586
63 588
64 609
65 610
66 622
67 637
68 638
69 642
70 660
71 668
72 670
73 681
74 681
75 688
76 724
77 724
78 765
79 792
80 798
81 817
82 830
83 831
84 847
85 848
86 848
87 857
88 859
89 873
90 918
91 922
92 926
93 938
94 947
95 947
96 947
97 953
98 972
99 998


0 9
1 17
2 31
3 39
4 44
5 52
6 53
7 84
8 84
9 87
10 95
11 113
12 140
13 146
14 159
15 214
16 211
17 216
18 30
19 221
20 236
21 239
22 241
23 258
24 260
25 277
26 282
27 72
28 284
29 173
30 292
31 18
32 303
33 304
34 90
35 304
36 305
37 310
38 315
39 316
40 322
41 323
42 325
43 351
44 354
45 363
46 377
47 385
48 387
49 421
50 424
51 441
52 446
53 468
54 471
55 483
56 494
57 501
58 511
59 564
60 567
61 581
62 586
63 588
64 609
65 610
66 622
67 637
68 638
69 642
70 660
71 668
72 670
73 681
74 681
75 688
76 724
77 724
78 765
79 792
80 798
81 817
82 830
83 831
84 847
85 848
86 848
87 857
88 859
89 873
90 918
91 922
92 926
93 938
94 947
95 947
96 947
97 953
98 972
99 998


0 9
1 17
2 31
3 39
4 44
5 52
6 53
7 84
8 84
9 87
10 95
11 113
12 140
13 146
14 159
15 211
16 214
17 30
18 216
19 221
20 236
21 239
22 241
23 258
24 260
25 277
26 72
27 282
28 173
29 284
30 18
31 292
32 303
33 90
34 304
35 304
36 305
37 310
38 315
39 316
40 322
41 323
42 325
43 351
44 354
45 363
46 377
47 385
48 387
49 421
50 424
51 441
52 446
53 468
54 471
55 483
56 494
57 501
58 511
59 564
60 567
61 581
62 586
63 588
64 609
65 610
66 622
67 637
68 638
69 642
70 660
71 668
72 670
73 681
74 681
75 688
76 724
77 724
78 765
79 792
80 798
81 817
82 830
83 831
84 847
85 848
86 848
87 857
88 859
89 873
90 918
91 922
92 926
93 938
94 947
95 947
96 947
97 953
98 972
99 998


0 9
1 17
2 31
3 39
4 44
5 52
6 53
7 84
8 84
9 87
10 95
11 113
12 140
13 146
14 159
15 211
16 30
17 214
18 216
19 221
20 236
21 239
22 241
23 258
24 260
25 72
26 277
27 173
28 282
29 18
30 284
31 292
32 90
33 303
34 304
35 304
36 305
37 310
38 315
39 316
40 322
41 323
42 325
43 351
44 354
45 363
46 377
47 385
48 387
49 421
50 424
51 441
52 446
53 468
54 471
55 483
56 494
57 501
58 511
59 564
60 567
61 581
62 586
63 588
64 609
65 610
66 622
67 637
68 638
69 642
70 660
71 668
72 670
73 681
74 681
75 688
76 724
77 724
78 765
79 792
80 798
81 817
82 830
83 831
84 847
85 848
86 848
87 857
88 859
89 873
90 918
91 922
92 926
93 938
94 947
95 947
96 947
97 953
98 972
99 998


0 9
1 17
2 31
3 39
4 44
5 52
6 53
7 84
8 84
9 87
10 95
11 113
12 140
13 146
14 159
15 30
16 211
17 214
18 216
19 221
20 236
21 239
22 241
23 258
24 72
25 260
26 173
27 277
28 18
29 282
30 284
31 90
32 292
33 303
34 304
35 304
36 305
37 310
38 315
39 316
40 322
41 323
42 325
43 351
44 354
45 363
46 377
47 385
48 387
49 421
50 424
51 441
52 446
53 468
54 471
55 483
56 494
57 501
58 511
59 564
60 567
61 581
62 586
63 588
64 609
65 610
66 622
67 637
68 638
69 642
70 660
71 668
72 670
73 681
74 681
75 688
76 724
77 724
78 765
79 792
80 798
81 817
82 830
83 831
84 847
85 848
86 848
87 857
88 859
89 873
90 918
91 922
92 926
93 938
94 947
95 947
96 947
97 953
98 972
99 998


0 9
1 17
2 31
3 39
4 44
5 52
6 53
7 84
8 84
9 87
10 95
11 113
12 140
13 146
14 30
15 159
16 211
17 214
18 216
19 221
20 236
21 239
22 241
23 72
24 258
25 173
26 260
27 18
28 277
29 282
30 90
31 284
32 292
33 303
34 304
35 304
36 305
37 310
38 315
39 316
40 322
41 323
42 325
43 351
44 354
45 363
46 377
47 385
48 387
49 421
50 424
51 441
52 446
53 468
54 471
55 483
56 494
57 501
58 511
59 564
60 567
61 581
62 586
63 588
64 609
65 610
66 622
67 637
68 638
69 642
70 660
71 668
72 670
73 681
74 681
75 688
76 724
77 724
78 765
79 792
80 798
81 817
82 830
83 831
84 847
85 848
86 848
87 857
88 859
89 873
90 918
91 922
92 926
93 938
94 947
95 947
96 947
97 953
98 972
99 998


0 9
1 17
2 31
3 39
4 44
5 52
6 53
7 84
8 84
9 87
10 95
11 113
12 140
13 30
14 146
15 159
16 211
17 214
18 216
19 221
20 236
21 239
22 72
23 241
24 173
25 258
26 18
27 260
28 277
29 90
30 282
31 284
32 292
33 303
34 304
35 304
36 305
37 310
38 315
39 316
40 322
41 323
42 325
43 351
44 354
45 363
46 377
47 385
48 387
49 421
50 424
51 441
52 446
53 468
54 471
55 483
56 494
57 501
58 511
59 564
60 567
61 581
62 586
63 588
64 609
65 610
66 622
67 637
68 638
69 642
70 660
71 668
72 670
73 681
74 681
75 688
76 724
77 724
78 765
79 792
80 798
81 817
82 830
83 831
84 847
85 848
86 848
87 857
88 859
89 873
90 918
91 922
92 926
93 938
94 947
95 947
96 947
97 953
98 972
99 998


0 9
1 17
2 31
3 39
4 44
5 52
6 53
7 84
8 84
9 87
10 95
11 113
12 30
13 140
14 146
15 159
16 211
17 214
18 216
19 221
20 236
21 72
22 239
23 173
24 241
25 18
26 258
27 260
28 90
29 277
30 282
31 284
32 292
33 303
34 304
35 304
36 305
37 310
38 315
39 316
40 322
41 323
42 325
43 351
44 354
45 363
46 377
47 385
48 387
49 421
50 424
51 441
52 446
53 468
54 471
55 483
56 494
57 501
58 511
59 564
60 567
61 581
62 586
63 588
64 609
65 610
66 622
67 637
68 638
69 642
70 660
71 668
72 670
73 681
74 681
75 688
76 724
77 724
78 765
79 792
80 798
81 817
82 830
83 831
84 847
85 848
86 848
87 857
88 859
89 873
90 918
91 922
92 926
93 938
94 947
95 947
96 947
97 953
98 972
99 998


0 9
1 17
2 31
3 39
4 44
5 52
6 53
7 84
8 84
9 87
10 95
11 30
12 113
13 140
14 146
15 159
16 211
17 214
18 216
19 221
20 72
21 236
22 173
23 239
24 18
25 241
26 258
27 90
28 260
29 277
30 282
31 284
32 292
33 303
34 304
35 304
36 305
37 310
38 315
39 316
40 322
41 323
42 325
43 351
44 354
45 363
46 377
47 385
48 387
49 421
50 424
51 441
52 446
53 468
54 471
55 483
56 494
57 501
58 511
59 564
60 567
61 581
62 586
63 588
64 609
65 610
66 622
67 637
68 638
69 642
70 660
71 668
72 670
73 681
74 681
75 688
76 724
77 724
78 765
79 792
80 798
81 817
82 830
83 831
84 847
85 848
86 848
87 857
88 859
89 873
90 918
91 922
92 926
93 938
94 947
95 947
96 947
97 953
98 972
99 998


0 9
1 17
2 31
3 39
4 44
5 52
6 53
7 84
8 84
9 87
10 30
11 95
12 113
13 140
14 146
15 159
16 211
17 214
18 216
19 72
20 221
21 173
22 236
23 18
24 239
25 241
26 90
27 258
28 260
29 277
30 282
31 284
32 292
33 303
34 304
35 304
36 305
37 310
38 315
39 316
40 322
41 323
42 325
43 351
44 354
45 363
46 377
47 385
48 387
49 421
50 424
51 441
52 446
53 468
54 471
55 483
56 494
57 501
58 511
59 564
60 567
61 581
62 586
63 588
64 609
65 610
66 622
67 637
68 638
69 642
70 660
71 668
72 670
73 681
74 681
75 688
76 724
77 724
78 765
79 792
80 798
81 817
82 830
83 831
84 847
85 848
86 848
87 857
88 859
89 873
90 918
91 922
92 926
93 938
94 947
95 947
96 947
97 953
98 972
99 998


0 9
1 17
2 31
3 39
4 44
5 52
6 53
7 84
8 84
9 30
10 87
11 95
12 113
13 140
14 146
15 159
16 211
17 214
18 72
19 216
20 173
21 221
22 18
23 236
24 239
25 90
26 241
27 258
28 260
29 277
30 282
31 284
32 292
33 303
34 304
35 304
36 305
37 310
38 315
39 316
40 322
41 323
42 325
43 351
44 354
45 363
46 377
47 385
48 387
49 421
50 424
51 441
52 446
53 468
54 471
55 483
56 494
57 501
58 511
59 564
60 567
61 581
62 586
63 588
64 609
65 610
66 622
67 637
68 638
69 642
70 660
71 668
72 670
73 681
74 681
75 688
76 724
77 724
78 765
79 792
80 798
81 817
82 830
83 831
84 847
85 848
86 848
87 857
88 859
89 873
90 918
91 922
92 926
93 938
94 947
95 947
96 947
97 953
98 972
99 998


0 9
1 17
2 31
3 39
4 44
5 52
6 53
7 84
8 30
9 84
10 87
11 95
12 113
13 140
14 146
15 159
16 211
17 72
18 214
19 173
20 216
21 18
22 221
23 236
24 90
25 239
26 241
27 258
28 260
29 277
30 282
31 284
32 292
33 303
34 304
35 304
36 305
37 310
38 315
39 316
40 322
41 323
42 325
43 351
44 354
45 363
46 377
47 385
48 387
49 421
50 424
51 441
52 446
53 468
54 471
55 483
56 494
57 501
58 511
59 564
60 567
61 581
62 586
63 588
64 609
65 610
66 622
67 637
68 638
69 642
70 660
71 668
72 670
73 681
74 681
75 688
76 724
77 724
78 765
79 792
80 798
81 817
82 830
83 831
84 847
85 848
86 848
87 857
88 859
89 873
90 918
91 922
92 926
93 938
94 947
95 947
96 947
97 953
98 972
99 998


0 9
1 17
2 31
3 39
4 44
5 52
6 53
7 30
8 84
9 84
10 87
11 95
12 113
13 140
14 146
15 159
16 72
17 211
18 173
19 214
20 18
21 216
22 221
23 90
24 236
25 239
26 241
27 258
28 260
29 277
30 282
31 284
32 292
33 303
34 304
35 304
36 305
37 310
38 315
39 316
40 322
41 323
42 325
43 351
44 354
45 363
46 377
47 385
48 387
49 421
50 424
51 441
52 446
53 468
54 471
55 483
56 494
57 501
58 511
59 564
60 567
61 581
62 586
63 588
64 609
65 610
66 622
67 637
68 638
69 642
70 660
71 668
72 670
73 681
74 681
75 688
76 724
77 724
78 765
79 792
80 798
81 817
82 830
83 831
84 847
85 848
86 848
87 857
88 859
89 873
90 918
91 922
92 926
93 938
94 947
95 947
96 947
97 953
98 972
99 998


0 9
1 17
2 31
3 39
4 44
5 52
6 30
7 53
8 84
9 84
10 87
11 95
12 113
13 140
14 146
15 72
16 159
17 173
18 211
19 18
20 214
21 216
22 90
23 221
24 236
25 239
26 241
27 258
28 260
29 277
30 282
31 284
32 292
33 303
34 304
35 304
36 305
37 310
38 315
39 316
40 322
41 323
42 325
43 351
44 354
45 363
46 377
47 385
48 387
49 421
50 424
51 441
52 446
53 468
54 471
55 483
56 494
57 501
58 511
59 564
60 567
61 581
62 586
63 588
64 609
65 610
66 622
67 637
68 638
69 642
70 660
71 668
72 670
73 681
74 681
75 688
76 724
77 724
78 765
79 792
80 798
81 817
82 830
83 831
84 847
85 848
86 848
87 857
88 859
89 873
90 918
91 922
92 926
93 938
94 947
95 947
96 947
97 953
98 972
99 998


0 9
1 17
2 31
3 39
4 44
5 30
6 52
7 53
8 84
9 84
10 87
11 95
12 113
13 140
14 72
15 146
16 159
17 173
18 18
19 211
20 214
21 90
22 216
23 221
24 236
25 239
26 241
27 258
28 260
29 277
30 282
31 284
32 292
33 303
34 304
35 304
36 305
37 310
38 315
39 316
40 322
41 323
42 325
43 351
44 354
45 363
46 377
47 385
48 387
49 421
50 424
51 441
52 446
53 468
54 471
55 483
56 494
57 501
58 511
59 564
60 567
61 581
62 586
63 588
64 609
65 610
66 622
67 637
68 638
69 642
70 660
71 668
72 670
73 681
74 681
75 688
76 724
77 724
78 765
79 792
80 798
81 817
82 830
83 831
84 847
85 848
86 848
87 857
88 859
89 873
90 918
91 922
92 926
93 938
94 947
95 947
96 947
97 953
98 972
99 998


0 9
1 17
2 31
3 39
4 30
5 44
6 52
7 53
8 84
9 84
10 87
11 95
12 113
13 72
14 140
15 146
16 159
17 18
18 173
19 211
20 90
21 214
22 216
23 221
24 236
25 239
26 241
27 258
28 260
29 277
30 282
31 284
32 292
33 303
34 304
35 304
36 305
37 310
38 315
39 316
40 322
41 323
42 325
43 351
44 354
45 363
46 377
47 385
48 387
49 421
50 424
51 441
52 446
53 468
54 471
55 483
56 494
57 501
58 511
59 564
60 567
61 581
62 586
63 588
64 609
65 610
66 622
67 637
68 638
69 642
70 660
71 668
72 670
73 681
74 681
75 688
76 724
77 724
78 765
79 792
80 798
81 817
82 830
83 831
84 847
85 848
86 848
87 857
88 859
89 873
90 918
91 922
92 926
93 938
94 947
95 947
96 947
97 953
98 972
99 998


0 9
1 17
2 31
3 30
4 39
5 44
6 52
7 53
8 84
9 84
10 87
11 95
12 72
13 113
14 140
15 146
16 18
17 159
18 173
19 90
20 211
21 214
22 216
23 221
24 236
25 239
26 241
27 258
28 260
29 277
30 282
31 284
32 292
33 303
34 304
35 304
36 305
37 310
38 315
39 316
40 322
41 323
42 325
43 351
44 354
45 363
46 377
47 385
48 387
49 421
50 424
51 441
52 446
53 468
54 471
55 483
56 494
57 501
58 511
59 564
60 567
61 581
62 586
63 588
64 609
65 610
66 622
67 637
68 638
69 642
70 660
71 668
72 670
73 681
74 681
75 688
76 724
77 724
78 765
79 792
80 798
81 817
82 830
83 831
84 847
85 848
86 848
87 857
88 859
89 873
90 918
91 922
92 926
93 938
94 947
95 947
96 947
97 953
98 972
99 998


0 9
1 17
2 30
3 31
4 39
5 44
6 52
7 53
8 84
9 84
10 87
11 72
12 95
13 113
14 140
15 18
16 146
17 159
18 90
19 173
20 211
21 214
22 216
23 221
24 236
25 239
26 241
27 258
28 260
29 277
30 282
31 284
32 292
33 303
34 304
35 304
36 305
37 310
38 315
39 316
40 322
41 323
42 325
43 351
44 354
45 363
46 377
47 385
48 387
49 421
50 424
51 441
52 446
53 468
54 471
55 483
56 494
57 501
58 511
59 564
60 567
61 581
62 586
63 588
64 609
65 610
66 622
67 637
68 638
69 642
70 660
71 668
72 670
73 681
74 681
75 688
76 724
77 724
78 765
79 792
80 798
81 817
82 830
83 831
84 847
85 848
86 848
87 857
88 859
89 873
90 918
91 922
92 926
93 938
94 947
95 947
96 947
97 953
98 972
99 998


0 9
1 17
2 30
3 31
4 39
5 44
6 52
7 53
8 84
9 84
10 72
11 87
12 95
13 113
14 18
15 140
16 146
17 90
18 159
19 173
20 211
21 214
22 216
23 221
24 236
25 239
26 241
27 258
28 260
29 277
30 282
31 284
32 292
33 303
34 304
35 304
36 305
37 310
38 315
39 316
40 322
41 323
42 325
43 351
44 354
45 363
46 377
47 385
48 387
49 421
50 424
51 441
52 446
53 468
54 471
55 483
56 494
57 501
58 511
59 564
60 567
61 581
62 586
63 588
64 609
65 610
66 622
67 637
68 638
69 642
70 660
71 668
72 670
73 681
74 681
75 688
76 724
77 724
78 765
79 792
80 798
81 817
82 830
83 831
84 847
85 848
86 848
87 857
88 859
89 873
90 918
91 922
92 926
93 938
94 947
95 947
96 947
97 953
98 972
99 998


0 9
1 17
2 30
3 31
4 39
5 44
6 52
7 53
8 84
9 72
10 84
11 87
12 95
13 18
14 113
15 140
16 90
17 146
18 159
19 173
20 211
21 214
22 216
23 221
24 236
25 239
26 241
27 258
28 260
29 277
30 282
31 284
32 292
33 303
34 304
35 304
36 305
37 310
38 315
39 316
40 322
41 323
42 325
43 351
44 354
45 363
46 377
47 385
48 387
49 421
50 424
51 441
52 446
53 468
54 471
55 483
56 494
57 501
58 511
59 564
60 567
61 581
62 586
63 588
64 609
65 610
66 622
67 637
68 638
69 642
70 660
71 668
72 670
73 681
74 681
75 688
76 724
77 724
78 765
79 792
80 798
81 817
82 830
83 831
84 847
85 848
86 848
87 857
88 859
89 873
90 918
91 922
92 926
93 938
94 947
95 947
96 947
97 953
98 972
99 998


0 9
1 17
2 30
3 31
4 39
5 44
6 52
7 53
8 72
9 84
10 84
11 87
12 18
13 95
14 113
15 90
16 140
17 146
18 159
19 173
20 211
21 214
22 216
23 221
24 236
25 239
26 241
27 258
28 260
29 277
30 282
31 284
32 292
33 303
34 304
35 304
36 305
37 310
38 315
39 316
40 322
41 323
42 325
43 351
44 354
45 363
46 377
47 385
48 387
49 421
50 424
51 441
52 446
53 468
54 471
55 483
56 494
57 501
58 511
59 564
60 567
61 581
62 586
63 588
64 609
65 610
66 622
67 637
68 638
69 642
70 660
71 668
72 670
73 681
74 681
75 688
76 724
77 724
78 765
79 792
80 798
81 817
82 830
83 831
84 847
85 848
86 848
87 857
88 859
89 873
90 918
91 922
92 926
93 938
94 947
95 947
96 947
97 953
98 972
99 998


0 9
1 17
2 30
3 31
4 39
5 44
6 52
7 53
8 72
9 84
10 84
11 18
12 87
13 95
14 90
15 113
16 140
17 146
18 159
19 173
20 211
21 214
22 216
23 221
24 236
25 239
26 241
27 258
28 260
29 277
30 282
31 284
32 292
33 303
34 304
35 304
36 305
37 310
38 315
39 316
40 322
41 323
42 325
43 351
44 354
45 363
46 377
47 385
48 387
49 421
50 424
51 441
52 446
53 468
54 471
55 483
56 494
57 501
58 511
59 564
60 567
61 581
62 586
63 588
64 609
65 610
66 622
67 637
68 638
69 642
70 660
71 668
72 670
73 681
74 681
75 688
76 724
77 724
78 765
79 792
80 798
81 817
82 830
83 831
84 847
85 848
86 848
87 857
88 859
89 873
90 918
91 922
92 926
93 938
94 947
95 947
96 947
97 953
98 972
99 998


0 9
1 17
2 30
3 31
4 39
5 44
6 52
7 53
8 72
9 84
10 18
11 84
12 87
13 90
14 95
15 113
16 140
17 146
18 159
19 173
20 211
21 214
22 216
23 221
24 236
25 239
26 241
27 258
28 260
29 277
30 282
31 284
32 292
33 303
34 304
35 304
36 305
37 310
38 315
39 316
40 322
41 323
42 325
43 351
44 354
45 363
46 377
47 385
48 387
49 421
50 424
51 441
52 446
53 468
54 471
55 483
56 494
57 501
58 511
59 564
60 567
61 581
62 586
63 588
64 609
65 610
66 622
67 637
68 638
69 642
70 660
71 668
72 670
73 681
74 681
75 688
76 724
77 724
78 765
79 792
80 798
81 817
82 830
83 831
84 847
85 848
86 848
87 857
88 859
89 873
90 918
91 922
92 926
93 938
94 947
95 947
96 947
97 953
98 972
99 998


0 9
1 17
2 30
3 31
4 39
5 44
6 52
7 53
8 72
9 18
10 84
11 84
12 87
13 90
14 95
15 113
16 140
17 146
18 159
19 173
20 211
21 214
22 216
23 221
24 236
25 239
26 241
27 258
28 260
29 277
30 282
31 284
32 292
33 303
34 304
35 304
36 305
37 310
38 315
39 316
40 322
41 323
42 325
43 351
44 354
45 363
46 377
47 385
48 387
49 421
50 424
51 441
52 446
53 468
54 471
55 483
56 494
57 501
58 511
59 564
60 567
61 581
62 586
63 588
64 609
65 610
66 622
67 637
68 638
69 642
70 660
71 668
72 670
73 681
74 681
75 688
76 724
77 724
78 765
79 792
80 798
81 817
82 830
83 831
84 847
85 848
86 848
87 857
88 859
89 873
90 918
91 922
92 926
93 938
94 947
95 947
96 947
97 953
98 972
99 998


0 9
1 17
2 30
3 31
4 39
5 44
6 52
7 53
8 18
9 72
10 84
11 84
12 87
13 90
14 95
15 113
16 140
17 146
18 159
19 173
20 211
21 214
22 216
23 221
24 236
25 239
26 241
27 258
28 260
29 277
30 282
31 284
32 292
33 303
34 304
35 304
36 305
37 310
38 315
39 316
40 322
41 323
42 325
43 351
44 354
45 363
46 377
47 385
48 387
49 421
50 424
51 441
52 446
53 468
54 471
55 483
56 494
57 501
58 511
59 564
60 567
61 581
62 586
63 588
64 609
65 610
66 622
67 637
68 638
69 642
70 660
71 668
72 670
73 681
74 681
75 688
76 724
77 724
78 765
79 792
80 798
81 817
82 830
83 831
84 847
85 848
86 848
87 857
88 859
89 873
90 918
91 922
92 926
93 938
94 947
95 947
96 947
97 953
98 972
99 998


0 9
1 17
2 30
3 31
4 39
5 44
6 52
7 18
8 53
9 72
10 84
11 84
12 87
13 90
14 95
15 113
16 140
17 146
18 159
19 173
20 211
21 214
22 216
23 221
24 236
25 239
26 241
27 258
28 260
29 277
30 282
31 284
32 292
33 303
34 304
35 304
36 305
37 310
38 315
39 316
40 322
41 323
42 325
43 351
44 354
45 363
46 377
47 385
48 387
49 421
50 424
51 441
52 446
53 468
54 471
55 483
56 494
57 501
58 511
59 564
60 567
61 581
62 586
63 588
64 609
65 610
66 622
67 637
68 638
69 642
70 660
71 668
72 670
73 681
74 681
75 688
76 724
77 724
78 765
79 792
80 798
81 817
82 830
83 831
84 847
85 848
86 848
87 857
88 859
89 873
90 918
91 922
92 926
93 938
94 947
95 947
96 947
97 953
98 972
99 998


0 9
1 17
2 30
3 31
4 39
5 44
6 18
7 52
8 53
9 72
10 84
11 84
12 87
13 90
14 95
15 113
16 140
17 146
18 159
19 173
20 211
21 214
22 216
23 221
24 236
25 239
26 241
27 258
28 260
29 277
30 282
31 284
32 292
33 303
34 304
35 304
36 305
37 310
38 315
39 316
40 322
41 323
42 325
43 351
44 354
45 363
46 377
47 385
48 387
49 421
50 424
51 441
52 446
53 468
54 471
55 483
56 494
57 501
58 511
59 564
60 567
61 581
62 586
63 588
64 609
65 610
66 622
67 637
68 638
69 642
70 660
71 668
72 670
73 681
74 681
75 688
76 724
77 724
78 765
79 792
80 798
81 817
82 830
83 831
84 847
85 848
86 848
87 857
88 859
89 873
90 918
91 922
92 926
93 938
94 947
95 947
96 947
97 953
98 972
99 998


0 9
1 17
2 30
3 31
4 39
5 18
6 44
7 52
8 53
9 72
10 84
11 84
12 87
13 90
14 95
15 113
16 140
17 146
18 159
19 173
20 211
21 214
22 216
23 221
24 236
25 239
26 241
27 258
28 260
29 277
30 282
31 284
32 292
33 303
34 304
35 304
36 305
37 310
38 315
39 316
40 322
41 323
42 325
43 351
44 354
45 363
46 377
47 385
48 387
49 421
50 424
51 441
52 446
53 468
54 471
55 483
56 494
57 501
58 511
59 564
60 567
61 581
62 586
63 588
64 609
65 610
66 622
67 637
68 638
69 642
70 660
71 668
72 670
73 681
74 681
75 688
76 724
77 724
78 765
79 792
80 798
81 817
82 830
83 831
84 847
85 848
86 848
87 857
88 859
89 873
90 918
91 922
92 926
93 938
94 947
95 947
96 947
97 953
98 972
99 998


0 9
1 17
2 30
3 31
4 18
5 39
6 44
7 52
8 53
9 72
10 84
11 84
12 87
13 90
14 95
15 113
16 140
17 146
18 159
19 173
20 211
21 214
22 216
23 221
24 236
25 239
26 241
27 258
28 260
29 277
30 282
31 284
32 292
33 303
34 304
35 304
36 305
37 310
38 315
39 316
40 322
41 323
42 325
43 351
44 354
45 363
46 377
47 385
48 387
49 421
50 424
51 441
52 446
53 468
54 471
55 483
56 494
57 501
58 511
59 564
60 567
61 581
62 586
63 588
64 609
65 610
66 622
67 637
68 638
69 642
70 660
71 668
72 670
73 681
74 681
75 688
76 724
77 724
78 765
79 792
80 798
81 817
82 830
83 831
84 847
85 848
86 848
87 857
88 859
89 873
90 918
91 922
92 926
93 938
94 947
95 947
96 947
97 953
98 972
99 998


0 9
1 17
2 30
3 18
4 31
5 39
6 44
7 52
8 53
9 72
10 84
11 84
12 87
13 90
14 95
15 113
16 140
17 146
18 159
19 173
20 211
21 214
22 216
23 221
24 236
25 239
26 241
27 258
28 260
29 277
30 282
31 284
32 292
33 303
34 304
35 304
36 305
37 310
38 315
39 316
40 322
41 323
42 325
43 351
44 354
45 363
46 377
47 385
48 387
49 421
50 424
51 441
52 446
53 468
54 471
55 483
56 494
57 501
58 511
59 564
60 567
61 581
62 586
63 588
64 609
65 610
66 622
67 637
68 638
69 642
70 660
71 668
72 670
73 681
74 681
75 688
76 724
77 724
78 765
79 792
80 798
81 817
82 830
83 831
84 847
85 848
86 848
87 857
88 859
89 873
90 918
91 922
92 926
93 938
94 947
95 947
96 947
97 953
98 972
99 998


0 9
1 17
2 18
3 30
4 31
5 39
6 44
7 52
8 53
9 72
10 84
11 84
12 87
13 90
14 95
15 113
16 140
17 146
18 159
19 173
20 211
21 214
22 216
23 221
24 236
25 239
26 241
27 258
28 260
29 277
30 282
31 284
32 292
33 303
34 304
35 304
36 305
37 310
38 315
39 316
40 322
41 323
42 325
43 351
44 354
45 363
46 377
47 385
48 387
49 421
50 424
51 441
52 446
53 468
54 471
55 483
56 494
57 501
58 511
59 564
60 567
61 581
62 586
63 588
64 609
65 610
66 622
67 637
68 638
69 642
70 660
71 668
72 670
73 681
74 681
75 688
76 724
77 724
78 765
79 792
80 798
81 817
82 830
83 831
84 847
85 848
86 848
87 857
88 859
89 873
90 918
91 922
92 926
93 938
94 947
95 947
96 947
97 953
98 972
99 998


0 9
1 17
2 18
3 30
4 31
5 39
6 44
7 52
8 53
9 72
10 84
11 84
12 87
13 90
14 95
15 113
16 140
17 146
18 159
19 173
20 211
21 214
22 216
23 221
24 236
25 239
26 241
27 258
28 260
29 277
30 282
31 284
32 292
33 303
34 304
35 304
36 305
37 310
38 315
39 316
40 322
41 323
42 325
43 351
44 354
45 363
46 377
47 385
48 387
49 421
50 424
51 441
52 446
53 468
54 471
55 483
56 494
57 501
58 511
59 564
60 567
61 581
62 586
63 588
64 609
65 610
66 622
67 637
68 638
69 642
70 660
71 668
72 670
73 681
74 681
75 688
76 724
77 724
78 765
79 792
80 798
81 817
82 830
83 831
84 847
85 848
86 848
87 857
88 859
89 873
90 918
91 922
92 926
93 938
94 947
95 947
96 947
97 953
98 972
99 998


# count 95
# [9, 17, 18, 30, 31, 39, 44, 52, 53, 72, 84, 84, 87, 90, 95, 113, 140, 146, 159, 173, 211, 214, 216, 221, 236, 239, 241, 258, 260, 277, 282, 284, 292, 303, 304, 304, 305, 310, 315, 316, 322, 323, 325, 351, 354, 363, 377, 385, 387, 421, 424, 441, 446, 468, 471, 483, 494, 501, 511, 564, 567, 581, 586, 588, 609, 610, 622, 637, 638, 642, 660, 668, 670, 681, 681, 688, 724, 724, 765, 792, 798, 817, 830, 831, 847, 848, 848, 857, 859, 873, 918, 922, 926, 938, 947, 947, 947, 953, 972, 998]
